# Best hyperparameters found via Optuna search.

rl_baseline:
  gamma: 0.9821228839394213
  max_grad_norm: 0.3658938553514915
  n_steps: 32
  learning_rate: 0.00010213234993276823
  ent_coef: 0.00022181492106438205

hrl:
  lr_actor_M: 6.47969222684225e-05
  lr_critic_M: 0.0009779265083900554
  gamma_M: 0.9804091986624366
  update_timestep: 2048
  gamma_W: 0.9821774808050912
  lr_W: 0.0049433022367945285
  buffer_size: 100000
  batch_size: 256

hrl_worker_update:
  lr_actor_M: 9.983191097311975e-05
  lr_critic_M: 0.00010619402195438779
  gamma_M: 0.9885350911070342
  update_timestep: 256
  gamma_W: 0.9907625270566711
  lr_W: 0.0029447794714302458
  buffer_size: 40000
  batch_size: 256
